(0, 230),
(0, 204),
(0, 202),
(0, 197),
(139, 169),
(0, 199),
(89, 119),
(0, 198),
(85, 115),
(87, 117),
(114, 144),
(57, 87),
(0, 205),
(149, 179),
(32, 62),
(51, 81),
(65, 95),
(147, 177),
(77, 107),
(66, 96),
(116, 146),
(0, 201),
(87, 117),
(58, 88),
(143, 173),
(156, 186)
(0, 208),
(27, 57),
(29, 59),
(53, 83),
(61, 91),
(0, 202),
(131, 161),
(27, 57),
(0, 183),
(133, 163),
(41, 71),
(0, 198),
(73, 103),
(34, 64),
(75, 105),
(87, 117),
(25, 55),
(122, 152),
(59, 89),
(29, 59),
(107, 137),
(41, 71),
(0, 192),
(98, 128),
(0, 203),
(78, 108),
(0, 208),
(85, 115),
(130, 160),
(126, 156),
(120, 150),
(91, 121)
(180, 210),
(0, 202),
(152, 182),
(66, 96),
(48, 78),
(34, 64),
(63, 93),
(49, 79),
(117, 147),
(73, 103),
(132, 162),
(40, 70),
(168, 198),
(67, 97),
(0, 197),
(68, 98),
(139, 169),
(0, 192),
(63,  93),
(169, 199),
(86, 116),
(82, 112),
(168, 198),
(84, 114),
(0, 196),
(0, 198),
(91, 121),
(0, 196),
(84, 114),
(83, 113),
(64, 94),
(166, 196),
(85, 115),
(0, 194),
(18, 48),
(169, 199),
(0, 207),
(0, 205), 
(0, 204),
(123, 153),
(0, 198),
(73, 103),
(165, 195)